0	1.000000	駄文.txt			294	0	0	0
0	2.000000	VM基本コマンド.txt			23	0	385	0
0	3.000000	yum.txt			9	0	385	0
0	4.000000	アカウント.txt			54	0	385	0
0	5.000000	アカウントCentOS.txt			83	0	385	0
0	6.000000	アカウントLubuntsu.txt			7	0	385	0
0	7.000000	システム.txt			20	0	385	0
0	8.000000	テキストエティタ.txt			64	0	385	0
0	9.000000	ディレクトリ操作.txt			38	0	385	0
0	10.000000	ネットワーク.txt			184	0	385	0
0	11.000000	ファイル操作l.txt			72	0	33	0
0	12.000000	削除.txt			7	0	118	0
0	13.000000	ｽｰﾊﾟｰユーザ.txt			65	0	19	0
0	-1.000000	vim.txt			0	0	385	0
0	-1.000000	gdb server.txt			342	0	385	0
0	-1.000000	実行.txt			0	0	165	0
0	-1.000000	編集.txt			0	0	165	0
0	-1.000000	プログラム実行.txt			0	0	165	0
0	-1.000000	objdump.txt			44	0	386	0
