1	1.000000	コードサンプル
1	2.000000	パズダビメモ.txt			112	0	3089	0
1	3.000000	バージョン.txt			12041	0	10418	0
1	4.000000	バグチェック.txt			7920	0	6117	0
1	5.000000	Ver3.3 友達招待
1	6.000000	ver3.3　枠拡張仕様変更
1	7.000000	3.2バグ修正
1	8.000000	Ver3.2 ソート、ページ送り
1	9.000000	Ver3.2 ヘルパーリスト改訂
1	10.000000	Ver3.1プレゼントソート
1	11.000000	ver3.1ソート
1	12.000000	Ver3.1ローカルプッシュ
1	13.000000	ver3.1チキダビ		
1	14.000000	ver3.0新素材
1	15.000000	Ver2.9.1 新人馬主応援
1	16.000000	バグ
1	17.000000	助っ人修正
1	18.000000	Ver2.9 転生進化の複数化
1	19.000000	Ver2.9 条件レース
1	20.000000	Ver2.9進化合成遷移
1	21.000000	馬Id.txt			201	0	706	0
1	22.000000	金言.txt			2377	0	1299	0
1	23.000000	バグレポート.txt			1409	0	107	0
1	24.000000	SpriteAtrassについて.txt			366	0	128	0
1	25.000000	新画面生成メモ.txt			600	0	184	0
1	26.000000	勉強　フォトン
1	27.000000	Waring処理
1	28.000000	Unity5チェック
1	7.000000	条件レース.png			0	0	0	0
