0	-1.000000	Home1.png			0	0	0	0
0	-1.000000	PD_HoseMenu_0412.png			0	0	0	0
0	-1.000000	PD_Popup_0412.png			0	0	0	0
0	-1.000000	PD_Sonota01_0412.png			0	0	0	0
0	-1.000000	PD_Sonota02_0412ファーム位置.png			0	0	0	0
0	-1.000000	アップデート１.png			0	0	0	0
0	-1.000000	アップデート２.png			0	0	0	0
0	-1.000000	アップデート３ファーム画面.png			0	0	0	0
0	-1.000000	アップデート４.png			0	0	0	0
0	-1.000000	アップデート５.png			0	0	0	0
0	-1.000000	Home2.png			0	0	0	0
0	-1.000000	アップデート６フォントなど.png			0	0	0	0
0	-1.000000	アップデート７.png			0	0	0	0
0	-1.000000	アップデート８.png			0	0	0	0
0	-1.000000	アップデート９.png			0	0	0	0
0	-1.000000	アップデート９１.png			0	0	0	0
0	-1.000000	アップデート９２.png			0	0	0	0
0	-1.000000	NoIcon.jpg			0	0	0	0
0	-1.000000	race.png			0	0	0	0
0	-1.000000	PD_helper_0412.jpg			0	0	0	0
0	-1.000000	助っ人.png			0	0	0	0
0	-1.000000	statusGauge.png			0	0	0	0
0	-1.000000	HomeSample.png			0	0	0	0
