1	-1.000000	論理ペン.txt			0	0	1666	0
1	-1.000000	クエリ式.txt			0	0	270	0
1	-1.000000	EventTrigger.txt			350	0	6	0
1	-1.000000	座標.txt			283	0	1026	0
1	-1.000000	数学.txt			356	0	180	0
1	-1.000000	スクショ.txt			1806	0	883	0
1	-1.000000	マウスホイール.txt			381	0	333	0
1	-1.000000	Listと配列.txt			388	0	12623	0
1	-1.000000	string.txt			13709	0	7647	0
1	-1.000000	座標変換関連.txt			257	0	143	0
1	-1.000000	キャプチャ関係.txt			0	0	4310	0
1	-1.000000	Hierarchyの位置.txt			34	0	4310	0
1	-1.000000	gameobjectの位置.txt			0	0	0	0
1	-1.000000	generic.txt			0	0	4480	0
